get (loop): 20, 30, 35, 28, 27, 23, 16, 23, 16, 29, 19, 14, 34, 27, 29, 33, 19, 47, 19, 44, 16, 24, 28, 26, 20, 27, 16, 17, 32, 15, 15, 27, 14, 21, 14, 25, 14
get (func): 60, 92, 70, 76, 98, 82, 80, 86, 70, 90, 106, 90, 92, 70, 98, 82, 84, 74, 102, 96, 82, 80, 76, 88, 80, 80, 102, 84, 84, 86, 82, 114, 80, 112, 
get (func+loop): 120, 114, 86, 116, 98, 147, 85, 124, 151, 126, 96, 155, 84, 132, 113, 158, 96, 116, 112, 151, 138, 87, 91, 132, 102, 129, 107, 100, 75, 113, 128, 93, 86, 133, 94, 78\

scan:  1.219570432
scan (loop):  1.249208832
scan (func):  1.623051264
scan (loop+func): 1.748516352


scan:  2.440870144
scan (loop):  1.249208832
scan (func):  1.623051264
scan (loop+func): 1.748516352


2.444803328